
Result 1:	 Fit 10:
score: 350.8
transformations:
monomer 1:
rotations: [['-0.49638921', '-0.56549990', '0.65864074'], ['-0.56549991', '-0.36500538', '-0.73958158'], ['0.65864073', '-0.73958160', '-0.13860541']]
translations: ['47.69493674', '59.11782518', '27.86226942']

monomer 2:
rotations: [['0.54042459', '-0.48652319', '0.68646664'], ['0.39171971', '-0.57657297', '-0.71702112'], ['0.74464551', '0.65639836', '-0.12101349']]
translations: ['1.51401375', '16.17442109', '25.53435149']

monomer 3:
rotations: [['0.46117338', '0.55060088', '0.69581448'], ['0.60295498', '0.38085174', '-0.70099732'], ['-0.65097190', '0.74282611', '-0.15634885']]
translations: ['6.17226381', '7.78391825', '87.90528186']

monomer 4:
rotations: [['-0.57564043', '0.47162416', '0.66798859'], ['-0.35426466', '0.59241935', '-0.72355778'], ['-0.73697669', '-0.65315386', '-0.17394075']]
translations: ['52.35318712', '50.72732405', '90.23319983']


Result 2:	 Fit 7:
score: 258.3
transformations:
monomer 1:
rotations: [['-0.70353264', '-0.68699259', '0.18188733'], ['-0.07585340', '-0.18188706', '-0.98038939'], ['0.70660320', '-0.70353271', '0.07585276']]
translations: ['72.44911878', '43.79584217', '35.02343884']

monomer 2:
rotations: [['0.67932219', '-0.70080854', '0.21768958'], ['0.21796122', '-0.09057113', '-0.97174574'], ['0.70072410', '0.70757633', '0.09122211']]
translations: ['10.72623946', '30.78355081', '36.81207347']

monomer 3:
rotations: [['0.69273896', '0.68242605', '0.23325399'], ['0.12658662', '0.20335111', '-0.97088833'], ['-0.70999194', '0.70209901', '0.05448323']]
translations: ['11.62367382', '35.17892591', '99.75735220']

monomer 4:
rotations: [['-0.69011587', '0.69624198', '0.19745174'], ['-0.16722800', '0.11203519', '-0.97953199'], ['-0.70411283', '-0.70901003', '0.03911389']]
translations: ['73.34655360', '48.19121716', '97.96871712']


Result 3:	 Fit 3:
score: 258.2
transformations:
monomer 1:
rotations: [['-0.63548060', '0.43197773', '0.63996847'], ['-0.69795871', '0.03305289', '-0.71537483'], ['-0.33017880', '-0.90127840', '0.28049815']]
translations: ['99.44509279', '68.63761900', '-9.92440853']

monomer 2:
rotations: [['-0.45577428', '-0.62575836', '0.63300575'], ['-0.00705080', '-0.70860570', '-0.70556945'], ['0.89006746', '-0.32604361', '0.31855216']]
translations: ['90.28188207', '37.00463778', '-63.75398047']

monomer 3:
rotations: [['0.60161716', '-0.44630459', '0.66247189'], ['0.73420457', '-0.01771808', '-0.67869707'], ['0.31464335', '0.89470570', '0.31701937']]
translations: ['43.29139015', '4.67444738', '-36.75610486']

monomer 4:
rotations: [['0.42191081', '0.61143153', '0.66943465'], ['0.04329667', '0.72394049', '-0.68850241'], ['-0.90560293', '0.31947091', '0.27896537']]
translations: ['52.45460131', '36.30742846', '17.07346754']


Result 4:	 Fit 2:
score: 255.6
transformations:
monomer 1:
rotations: [['-0.49638835', '0.56550044', '0.65864092'], ['-0.56550028', '0.36500545', '-0.73958127'], ['-0.65864106', '-0.73958115', '0.13860620']]
translations: ['53.93213870', '60.62440841', '94.25533824']

monomer 2:
rotations: [['-0.58980209', '-0.48638559', '0.64464141'], ['-0.33779176', '-0.57648509', '-0.74401725'], ['0.73350543', '-0.65657749', '0.17571507']]
translations: ['56.96285154', '49.44490295', '32.22255352']

monomer 3:
rotations: [['0.46181892', '-0.58012597', '0.67095242'], ['0.60337254', '-0.34898257', '-0.71704445'], ['0.65012681', '0.73597896', '0.18886533']]
translations: ['9.93436224', '7.69285031', '37.44942780']

monomer 4:
rotations: [['0.55523270', '0.47176006', '0.68495189'], ['0.37566404', '0.59250794', '-0.71260850'], ['-0.74201967', '0.65297533', '0.15175650']]
translations: ['6.90364898', '18.87235876', '99.48221089']


Result 5:	 Fit 8:
score: 248.7
transformations:
monomer 1:
rotations: [['-0.63548060', '0.43197773', '0.63996847'], ['-0.69795871', '0.03305289', '-0.71537483'], ['-0.33017880', '-0.90127840', '0.28049815']]
translations: ['99.65308353', '67.88919128', '-8.74263198']

monomer 2:
rotations: [['-0.45577428', '-0.62575836', '0.63300575'], ['-0.00705080', '-0.70860570', '-0.70556945'], ['0.89006746', '-0.32604361', '0.31855216']]
translations: ['90.48987280', '36.25621008', '-62.57220390']

monomer 3:
rotations: [['0.60161716', '-0.44630459', '0.66247189'], ['0.73420457', '-0.01771808', '-0.67869707'], ['0.31464335', '0.89470570', '0.31701937']]
translations: ['43.49938086', '3.92601967', '-35.57432830']

monomer 4:
rotations: [['0.42191081', '0.61143153', '0.66943465'], ['0.04329667', '0.72394049', '-0.68850241'], ['-0.90560293', '0.31947091', '0.27896537']]
translations: ['52.66259206', '35.55900076', '18.25524409']


Result 6:	 Fit 4:
score: 244.8
transformations:
monomer 1:
rotations: [['-0.88614768', '0.17612436', '-0.42862862'], ['0.45034156', '0.10924573', '-0.88614776'], ['-0.10924636', '-0.97828706', '-0.17612397']]
translations: ['118.46141334', '25.79066904', '-14.77011905']

monomer 2:
rotations: [['-0.16075395', '-0.89245545', '-0.42152276'], ['-0.07610158', '0.43701331', '-0.89622984'], ['0.98405626', '-0.11199394', '-0.13816888']]
translations: ['84.93594640', '49.63696868', '-62.62019542']

monomer 3:
rotations: [['0.90732216', '-0.16716593', '-0.38577461'], ['-0.40362777', '-0.08948220', '-0.91053696'], ['0.11769080', '0.98185971', '-0.14866199']]
translations: ['38.05905457', '63.68289037', '-22.77672834']

monomer 4:
rotations: [['0.18192843', '0.90141388', '-0.39288048'], ['0.12281537', '-0.41724979', '-0.90045488'], ['-0.97561182', '0.11556658', '-0.18661708']]
translations: ['71.58452189', '39.83659043', '25.07334820']


Result 7:	 Fit 9:
score: 242.5
transformations:
monomer 1:
rotations: [['-0.90977974', '0.29351390', '-0.29351393'], ['0.29351392', '-0.04511015', '-0.95488986'], ['-0.29351390', '-0.95488987', '-0.04511011']]
translations: ['125.83108731', '20.26211523', '-4.92625605']

monomer 2:
rotations: [['-0.28307501', '-0.91404415', '-0.29050273'], ['0.08058452', '0.27915361', '-0.95685913'], ['0.95570638', '-0.29427293', '-0.00536360']]
translations: ['96.55915519', '30.11451953', '-59.95640059']

monomer 3:
rotations: [['0.92396902', '-0.28751075', '-0.25222772'], ['-0.24352845', '0.06625784', '-0.96762792'], ['0.29491549', '0.95548285', '-0.00879686']]
translations: ['43.37420001', '44.34732816', '-29.11777992']

monomer 4:
rotations: [['0.29726428', '0.92004730', '-0.25523893'], ['-0.03059906', '-0.25800594', '-0.96565865'], ['-0.95430480', '0.29486590', '-0.04854336']]
translations: ['72.64613296', '34.49492419', '25.91236541']


Result 8:	 Fit 5:
score: 234.2
transformations:
monomer 1:
rotations: [['-0.97723851', '0.16095650', '-0.13819512'], ['0.16095662', '0.13819520', '-0.97723848'], ['-0.13819498', '-0.97723850', '-0.16095669']]
translations: ['112.92623525', '46.07081384', '-12.64824853']

monomer 2:
rotations: [['-0.15639675', '-0.97918183', '-0.12939476'], ['-0.10185864', '0.14629820', '-0.98398255'], ['0.98242805', '-0.14071170', '-0.12261870']]
translations: ['75.06413595', '57.80733675', '-61.74965540']

monomer 3:
rotations: [['0.98319076', '-0.15843825', '-0.09073730'], ['-0.10988426', '-0.11658767', '-0.98708296'], ['0.14581284', '0.98046144', '-0.13203779']]
translations: ['25.09939444', '57.88112531', '-23.20420152']

monomer 4:
rotations: [['0.16234899', '0.98170009', '-0.09953767'], ['0.15293101', '-0.12469068', '-0.98033889'], ['-0.97481019', '0.14393463', '-0.17037579']]
translations: ['62.96149462', '46.14460222', '25.89720610']


Result 9:	 Fit 6:
score: 232.1
transformations:
monomer 1:
rotations: [['-0.66709827', '-0.60068016', '-0.44063958'], ['-0.60067997', '0.08385302', '0.79508002'], ['-0.44063983', '0.79507988', '-0.41675475']]
translations: ['73.02762464', '46.38347194', '88.61244131']

monomer 2:
rotations: [['0.61611128', '-0.67370474', '-0.40807942'], ['-0.11359941', '-0.58867734', '0.80034628'], ['-0.77942419', '-0.44674479', '-0.43922321']]
translations: ['15.68723355', '23.92076813', '102.38702670']

monomer 3:
rotations: [['0.68874878', '0.60983997', '-0.39207184'], ['0.55860519', '-0.10165388', '0.82318086'], ['0.46215297', '-0.78597818', '-0.41067376']]
translations: ['13.83420000', '-5.54863372', '46.61648389']

monomer 4:
rotations: [['-0.59446079', '0.68286455', '-0.42463205'], ['0.07152460', '0.57087648', '0.81791459'], ['0.80093733', '0.45584651', '-0.38820530']]
translations: ['71.17459166', '16.91407080', '32.84189850']


Result 10:	 Fit 1:
score: 212.8
transformations:
monomer 1:
rotations: [['-0.63548060', '0.43197773', '0.63996847'], ['-0.69795871', '0.03305289', '-0.71537483'], ['-0.33017880', '-0.90127840', '0.28049815']]
translations: ['102.41450505', '72.87584028', '-9.45529107']

monomer 2:
rotations: [['-0.45577428', '-0.62575836', '0.63300575'], ['-0.00705080', '-0.70860570', '-0.70556945'], ['0.89006746', '-0.32604361', '0.31855216']]
translations: ['93.25129423', '41.24285913', '-63.28486301']

monomer 3:
rotations: [['0.60161716', '-0.44630459', '0.66247189'], ['0.73420457', '-0.01771808', '-0.67869707'], ['0.31464335', '0.89470570', '0.31701937']]
translations: ['46.26080248', '8.91266861', '-36.28698738']

monomer 4:
rotations: [['0.42191081', '0.61143153', '0.66943465'], ['0.04329667', '0.72394049', '-0.68850241'], ['-0.90560293', '0.31947091', '0.27896537']]
translations: ['55.42401350', '40.54564980', '17.54258498']

