#rank      cc Fish-z  rel-z        x        y        z    a11    a12    a13    a21    a22    a23    a31    a32    a33
1       1.383    nan    nan   13.834   59.458  -17.087 -0.816  0.548  0.184  0.184  0.548 -0.816 -0.548 -0.632 -0.548
2       1.371    nan    nan  -46.166   32.458  -23.087 -0.816 -0.184  0.548 -0.548  0.548 -0.632 -0.184 -0.816 -0.548
3       1.176    nan    nan   44.834  -41.542  -17.087  0.184  0.548  0.816 -0.548 -0.632  0.548  0.816 -0.548  0.184
4       1.148    nan    nan   13.834   57.458  -17.087  0.548 -0.632 -0.548 -0.816 -0.548 -0.184 -0.184  0.548 -0.816
5       1.146    nan    nan   12.834   58.458  -17.087  0.548 -0.632 -0.548 -0.816 -0.548 -0.184 -0.184  0.548 -0.816
6       1.140    nan    nan   44.834  -32.542  -22.087 -0.548 -0.632 -0.548 -0.816  0.548  0.184  0.184  0.548 -0.816
7       1.119    nan    nan  -14.166  -57.542  -17.087 -0.548  0.632  0.548  0.816  0.548  0.184 -0.184  0.548 -0.816
8       1.117    nan    nan   50.834   22.458  -22.087 -0.258 -0.362  0.896  0.362 -0.896 -0.258  0.896  0.258  0.362
9       1.037    nan    nan  -57.166  -16.542  -17.087  0.548 -0.632  0.548 -0.816 -0.548  0.184  0.184 -0.548 -0.816
10      1.033    nan    nan    6.834   56.458  -23.087 -1.000  0.000  0.000  0.000  0.604 -0.797 -0.000 -0.797 -0.604
11      0.991  2.719 303.899   56.834   16.458  -17.087 -0.548  0.632 -0.548  0.816  0.548 -0.184  0.184 -0.548 -0.816
12      0.975  2.180 243.583   57.834   18.458  -17.087 -0.604  0.000  0.797  0.000 -1.000  0.000  0.797  0.000  0.604
13      0.963  1.979 221.197   51.834   38.458   13.913 -0.816  0.184 -0.548  0.548  0.548 -0.632  0.184 -0.816 -0.548
14      0.962  1.973 220.488   50.834   39.458   17.913 -0.816  0.184 -0.548  0.548  0.548 -0.632  0.184 -0.816 -0.548
15      0.940  1.742 194.675   46.834   35.458   19.913  0.000 -0.797 -0.604 -1.000  0.000 -0.000  0.000  0.604 -0.797
16      0.935  1.695 189.407  -47.166  -35.542   19.913  0.000  0.797  0.604  1.000  0.000 -0.000 -0.000  0.604 -0.797
17      0.918  1.574 175.908  -44.166   40.458  -16.087  0.258 -0.896  0.362 -0.896 -0.362 -0.258  0.362 -0.258 -0.896
18      0.912  1.538 171.921   49.834   35.458   17.913 -0.797 -0.604  0.000  0.000  0.000 -1.000  0.604 -0.797  0.000
19      0.901  1.478 165.121  -50.166  -35.542   18.913 -0.797  0.000  0.604  0.604  0.000  0.797  0.000  1.000  0.000
20      0.901  1.476 164.976   59.834  -29.542   13.913 -0.258  0.362 -0.896 -0.362 -0.896 -0.258 -0.896  0.258  0.362
21      0.896  1.449 161.972  -40.166  -30.542   38.913  0.604  0.000  0.797  0.000 -1.000  0.000  0.797  0.000 -0.604
22      0.884  1.394 155.834   44.834   39.458    2.913 -0.896  0.362 -0.258  0.362  0.258 -0.896 -0.258 -0.896 -0.362
23      0.870  1.331 148.770   45.834   36.458   12.913 -1.000  0.000  0.000  0.000  0.604 -0.797 -0.000 -0.797 -0.604
24      0.869  1.329 148.469   -7.166   55.458   -3.087 -0.548  0.548 -0.632 -0.184 -0.816 -0.548 -0.816 -0.184  0.548
25      0.869  1.328 148.368   56.834  -24.542   13.913 -0.896  0.258 -0.362 -0.258  0.362  0.896  0.362  0.896 -0.258
26      0.867  1.321 147.662    8.834  -53.542   18.913  0.362 -0.258 -0.896  0.258 -0.896  0.362 -0.896 -0.362 -0.258
27      0.866  1.317 147.174   48.834   34.458    2.913 -0.896  0.362 -0.258  0.362  0.258 -0.896 -0.258 -0.896 -0.362
28      0.866  1.317 147.160   57.834   36.458   15.913  0.258  0.362 -0.896  0.362 -0.896 -0.258 -0.896 -0.258 -0.362
29      0.865  1.315 146.928   60.834  -28.542   13.913 -0.632 -0.548 -0.548 -0.548 -0.184  0.816 -0.548  0.816 -0.184
30      0.857  1.280 143.094  -56.166   18.458   18.913  0.184  0.548 -0.816 -0.548 -0.632 -0.548 -0.816  0.548  0.184
31      0.855  1.275 142.508  -57.166   15.458   29.913  0.000 -0.000 -1.000  0.604 -0.797  0.000 -0.797 -0.604  0.000
32      0.855  1.273 142.239    8.834   55.458  -10.087 -0.896 -0.362  0.258  0.362 -0.258  0.896 -0.258  0.896  0.362
33      0.852  1.262 141.017   55.834  -20.542   18.913 -0.797  0.000 -0.604 -0.604  0.000  0.797  0.000  1.000  0.000
34      0.852  1.262 141.012   47.834   30.458    0.913 -0.896  0.362  0.258 -0.362 -0.258 -0.896 -0.258 -0.896  0.362
35      0.849  1.253 140.019  -47.166  -37.542   12.913 -0.816  0.184  0.548  0.548  0.548  0.632 -0.184  0.816 -0.548
36      0.848  1.248 139.498   36.834   38.458   27.913  0.000  0.000 -1.000 -0.604 -0.797  0.000 -0.797  0.604  0.000
37      0.847  1.247 139.338  -41.166  -38.542   32.913 -0.816 -0.184  0.548  0.548 -0.548  0.632  0.184  0.816  0.548
38      0.845  1.238 138.369   -6.166  -56.542  -23.087  0.548 -0.548 -0.632 -0.184 -0.816  0.548 -0.816 -0.184 -0.548
39      0.845  1.238 138.356    3.834  -52.542    0.913 -0.896 -0.258 -0.362 -0.258 -0.362  0.896 -0.362  0.896  0.258
40      0.844  1.234 137.916   49.834   38.458    2.913 -0.797  0.604  0.000  0.000  0.000 -1.000 -0.604 -0.797  0.000
41      0.841  1.224 136.790   43.834  -31.542    6.913 -1.000  0.000  0.000  0.000 -0.000  1.000  0.000  1.000 -0.000
42      0.840  1.220 136.356  -19.166   57.458   18.913 -0.797 -0.604  0.000  0.000  0.000 -1.000  0.604 -0.797  0.000
43      0.834  1.202 134.340  -48.166   31.458    5.913  0.604  0.000  0.797  0.000 -1.000  0.000  0.797  0.000 -0.604
44      0.833  1.198 133.908   46.834   34.458    3.913 -0.896  0.362 -0.258  0.362  0.258 -0.896 -0.258 -0.896 -0.362
45      0.833  1.196 133.694  -52.166  -22.542  -23.087  0.000  0.797  0.604  1.000  0.000 -0.000 -0.000  0.604 -0.797
46      0.832  1.194 133.393    7.834  -61.542   20.913  0.000 -0.604 -0.797  0.000 -0.797  0.604 -1.000  0.000  0.000
47      0.830  1.189 132.857  -46.166  -33.542   13.913 -0.632 -0.548  0.548  0.548  0.184  0.816 -0.548  0.816  0.184
48      0.828  1.182 132.124  -58.166   24.458    2.913 -0.632 -0.548  0.548 -0.548 -0.184 -0.816  0.548 -0.816 -0.184
49      0.828  1.182 132.077  -55.166   15.458   31.913  0.000  0.604 -0.797 -0.000 -0.797 -0.604 -1.000  0.000  0.000
50      0.825  1.173 131.039   54.834  -16.542   32.913 -0.362  0.896 -0.258 -0.896 -0.258  0.362  0.258  0.362  0.896
51      0.825  1.172 130.928   49.834   27.458    3.913 -0.548 -0.184 -0.816  0.548 -0.816 -0.184 -0.632 -0.548  0.548
52      0.824  1.170 130.747   45.834  -10.542   17.913  0.548 -0.184 -0.816 -0.548 -0.816 -0.184 -0.632  0.548 -0.548
53      0.824  1.169 130.684  -52.166   17.458   28.913  0.000  0.604 -0.797 -0.000 -0.797 -0.604 -1.000  0.000  0.000
54      0.823  1.165 130.225  -43.166   35.458   25.913 -0.604  0.000  0.797  0.000 -1.000  0.000  0.797  0.000  0.604
55      0.823  1.165 130.148  -49.166   25.458   10.913  0.362  0.258  0.896 -0.258 -0.896  0.362  0.896 -0.362 -0.258
56      0.820  1.158 129.405   14.834  -56.542   29.913 -1.000  0.000  0.000  0.000  0.604 -0.797 -0.000 -0.797 -0.604
57      0.819  1.155 129.034   18.834  -57.542   19.913 -0.896 -0.258 -0.362  0.258  0.362 -0.896  0.362 -0.896 -0.258
58      0.819  1.153 128.903   46.834   35.458    8.913 -0.258 -0.362 -0.896  0.362 -0.896  0.258 -0.896 -0.258  0.362
59      0.814  1.137 127.101   13.834  -51.542   18.913 -0.797  0.000 -0.604 -0.604  0.000  0.797  0.000  1.000  0.000
60      0.813  1.136 126.956   21.834   33.458  -23.087 -0.896 -0.258  0.362 -0.258 -0.362 -0.896  0.362 -0.896  0.258
61      0.810  1.127 125.991  -42.166  -37.542   23.913  0.604  0.000  0.797  0.000 -1.000  0.000  0.797  0.000 -0.604
62      0.808  1.122 125.347   45.834   41.458   18.913  0.258 -0.362  0.896 -0.362 -0.896 -0.258  0.896 -0.258 -0.362
63      0.808  1.120 125.167   42.834  -34.542   25.913  0.000  0.000 -1.000 -0.604 -0.797  0.000 -0.797  0.604  0.000
64      0.807  1.118 124.991   36.834   41.458    8.913 -0.816  0.184 -0.548  0.548  0.548 -0.632  0.184 -0.816 -0.548
65      0.805  1.112 124.279  -21.166   35.458  -30.087 -0.604  0.000  0.797  0.000 -1.000  0.000  0.797  0.000  0.604
66      0.802  1.105 123.496   39.834   44.458   15.913 -0.000  0.000 -1.000  0.000 -1.000 -0.000 -1.000  0.000 -0.000
67      0.800  1.098 122.652   -8.166  -55.542  -11.087 -0.816 -0.548 -0.184  0.184 -0.548  0.816 -0.548  0.632  0.548
68      0.800  1.097 122.650   12.834  -55.542   32.913 -1.000  0.000  0.000  0.000 -0.604  0.797  0.000  0.797  0.604
69      0.799  1.097 122.591  -57.166   20.458    2.913 -0.632 -0.548  0.548 -0.548 -0.184 -0.816  0.548 -0.816 -0.184
70      0.799  1.096 122.437  -11.166   55.458    3.913  0.548 -0.548  0.632 -0.184 -0.816 -0.548  0.816  0.184 -0.548
71      0.798  1.093 122.175  -34.166  -29.542   30.913 -0.816  0.548  0.184 -0.184 -0.548  0.816  0.548  0.632  0.548
72      0.797  1.091 121.972  -50.166  -37.542    8.913 -0.816  0.184  0.548  0.548  0.548  0.632 -0.184  0.816 -0.548
73      0.796  1.087 121.506   54.834  -29.542    7.913 -0.604  0.000 -0.797  0.000 -1.000 -0.000 -0.797  0.000  0.604
74      0.794  1.082 120.896   48.834  -28.542   -0.087 -0.548 -0.184 -0.816  0.548 -0.816 -0.184 -0.632 -0.548  0.548
75      0.794  1.081 120.836   42.834   35.458   17.913 -1.000  0.000  0.000  0.000  0.604 -0.797 -0.000 -0.797 -0.604
76      0.794  1.081 120.806   51.834  -20.542   16.913  0.258  0.362 -0.896  0.362 -0.896 -0.258 -0.896 -0.258 -0.362
77      0.793  1.078 120.514   36.834   41.458   24.913 -0.797  0.604  0.000  0.000  0.000 -1.000 -0.604 -0.797  0.000
78      0.792  1.076 120.222  -37.166  -40.542   13.913  0.362 -0.258  0.896  0.258 -0.896 -0.362  0.896  0.362 -0.258
79      0.791  1.075 120.132    4.834  -48.542   38.913 -1.000  0.000  0.000  0.000 -0.604  0.797  0.000  0.797  0.604
80      0.790  1.072 119.775  -16.166   47.458   -8.087 -0.632 -0.548 -0.548  0.548  0.184 -0.816  0.548 -0.816  0.184
81      0.789  1.069 119.491   49.834   36.458    5.913 -0.816 -0.548 -0.184 -0.184  0.548 -0.816  0.548 -0.632 -0.548
82      0.788  1.067 119.216   20.834   24.458  -29.087 -0.896 -0.362 -0.258  0.362 -0.258 -0.896  0.258 -0.896  0.362
83      0.787  1.064 118.879  -53.166   30.458    6.913 -0.797  0.000  0.604 -0.604  0.000 -0.797  0.000 -1.000  0.000
84      0.787  1.063 118.782  -27.166  -35.542   15.913 -0.816 -0.548  0.184 -0.184  0.548  0.816 -0.548  0.632 -0.548
85      0.786  1.061 118.598  -57.166  -38.542   12.913  0.000 -0.604 -0.797  0.000 -0.797  0.604 -1.000  0.000  0.000
86      0.786  1.061 118.581  -47.166   30.458   -3.087 -0.548  0.184  0.816 -0.548 -0.816 -0.184  0.632 -0.548  0.548
87      0.786  1.061 118.576   35.834   30.458   20.913 -0.816  0.548  0.184  0.184  0.548 -0.816 -0.548 -0.632 -0.548
88      0.786  1.060 118.449   56.834  -25.542    5.913 -0.258  0.362 -0.896 -0.362 -0.896 -0.258 -0.896  0.258  0.362
89      0.786  1.060 118.420  -30.166   16.458    7.913  1.000  0.000  0.000  0.000  1.000  0.000  0.000  0.000  1.000
90      0.784  1.056 118.059   -3.166   60.458    3.913 -0.896 -0.362  0.258 -0.362  0.258 -0.896  0.258 -0.896 -0.362
91      0.784  1.056 117.987  -43.166  -39.542   28.913  0.548 -0.184  0.816 -0.548 -0.816  0.184  0.632 -0.548 -0.548
92      0.784  1.055 117.916   55.834  -12.542    8.913 -0.184  0.548 -0.816  0.548 -0.632 -0.548 -0.816 -0.548 -0.184
93      0.783  1.053 117.673  -48.166   21.458   25.913  0.362  0.258  0.896 -0.258 -0.896  0.362  0.896 -0.362 -0.258
94      0.782  1.050 117.383   37.834  -20.542   29.913 -0.896  0.258 -0.362 -0.258  0.362  0.896  0.362  0.896 -0.258
95      0.782  1.049 117.262   38.834   33.458   19.913 -0.797 -0.604  0.000  0.000  0.000 -1.000  0.604 -0.797  0.000
96      0.781  1.048 117.155   42.834  -34.542  -10.087 -0.258 -0.362 -0.896  0.362 -0.896  0.258 -0.896 -0.258  0.362
97      0.781  1.048 117.090    7.834  -62.542    8.913 -0.632  0.548  0.548  0.548 -0.184  0.816  0.548  0.816 -0.184
98      0.780  1.045 116.784   20.834  -56.542   14.913 -0.896 -0.258 -0.362 -0.258 -0.362  0.896 -0.362  0.896  0.258
99      0.780  1.045 116.744  -49.166   30.458   -0.087 -0.548  0.184 -0.816 -0.548 -0.816  0.184 -0.632  0.548  0.548
100     0.779  1.044 116.663   45.834  -20.542   38.913 -1.000  0.000  0.000  0.000  0.604  0.797  0.000  0.797 -0.604
101     0.775  1.032 115.366   45.834   30.458   14.913 -0.816  0.184 -0.548  0.548  0.548 -0.632  0.184 -0.816 -0.548
102     0.775  1.032 115.318   56.834  -19.542   12.913 -0.184  0.548 -0.816  0.548 -0.632 -0.548 -0.816 -0.548 -0.184
103     0.773  1.028 114.937   51.834   34.458   15.913  0.258  0.362 -0.896  0.362 -0.896 -0.258 -0.896 -0.258 -0.362
104     0.773  1.027 114.795   54.834  -17.542   23.913 -0.816  0.548 -0.184  0.184  0.548  0.816  0.548  0.632 -0.548
105     0.772  1.026 114.712  -55.166   17.458   26.913  0.000  0.604 -0.797 -0.000 -0.797 -0.604 -1.000  0.000  0.000
106     0.772  1.025 114.600  -57.166   21.458   -1.087 -0.632 -0.548 -0.548  0.548  0.184 -0.816  0.548 -0.816  0.184
107     0.772  1.025 114.541   48.834   31.458   -1.087  0.000  0.000 -1.000 -0.604 -0.797  0.000 -0.797  0.604  0.000
108     0.770  1.021 114.049    8.834  -41.542   21.913  0.548  0.184 -0.816  0.548 -0.816  0.184 -0.632 -0.548 -0.548
109     0.769  1.017 113.636  -55.166    8.458   20.913 -0.184  0.548 -0.816  0.548 -0.632 -0.548 -0.816 -0.548 -0.184
110     0.768  1.016 113.543   46.834  -25.542   -3.087 -0.604  0.000 -0.797  0.000 -1.000 -0.000 -0.797  0.000  0.604
111     0.768  1.016 113.518  -46.166  -38.542   22.913  0.548  0.184  0.816  0.548 -0.816 -0.184  0.632  0.548 -0.548
112     0.768  1.016 113.512  -47.166  -33.542    8.913 -0.548 -0.548 -0.632  0.184 -0.816  0.548 -0.816  0.184  0.548
113     0.768  1.015 113.440   54.834  -23.542   15.913 -0.896 -0.258 -0.362 -0.258 -0.362  0.896 -0.362  0.896  0.258
114     0.768  1.015 113.423  -41.166  -43.542    8.913 -0.548 -0.548 -0.632  0.184 -0.816  0.548 -0.816  0.184  0.548
115     0.768  1.015 113.423  -49.166   10.458   18.913 -0.184  0.548 -0.816  0.548 -0.632 -0.548 -0.816 -0.548 -0.184
116     0.767  1.013 113.232   56.834  -27.542   10.913 -0.896  0.258 -0.362 -0.258  0.362  0.896  0.362  0.896 -0.258
117     0.766  1.012 113.058   39.834  -32.542   11.913 -0.797  0.604  0.000  0.000  0.000  1.000  0.604  0.797  0.000
118     0.766  1.011 113.031   12.834  -43.542   40.913 -0.632 -0.548 -0.548 -0.548 -0.184  0.816 -0.548  0.816 -0.184
119     0.766  1.011 112.982   50.834   35.458   14.913 -0.258 -0.362 -0.896  0.362 -0.896  0.258 -0.896 -0.258  0.362
120     0.764  1.005 112.267    6.834  -57.542   13.913  0.000 -0.604 -0.797  0.000 -0.797  0.604 -1.000  0.000  0.000
121     0.763  1.004 112.229   50.834  -29.542    5.913 -0.548 -0.184 -0.816  0.548 -0.816 -0.184 -0.632 -0.548  0.548
122     0.763  1.002 112.021  -11.166   54.458   26.913 -0.632  0.548  0.548  0.548 -0.184  0.816  0.548  0.816 -0.184
123     0.763  1.002 112.020   51.834   29.458    4.913 -0.896  0.362 -0.258  0.362  0.258 -0.896 -0.258 -0.896 -0.362
124     0.763  1.002 112.007    3.834  -56.542    1.913 -0.184  0.548  0.816  0.548 -0.632  0.548  0.816  0.548 -0.184
125     0.762  1.002 111.939   39.834  -28.542   -9.087 -0.816 -0.184 -0.548  0.548 -0.548 -0.632 -0.184 -0.816  0.548
126     0.762  1.001 111.919  -56.166   25.458   10.913 -0.184 -0.548  0.816 -0.548 -0.632 -0.548  0.816 -0.548 -0.184
127     0.762  1.000 111.808  -10.166   56.458    5.913 -0.896 -0.258  0.362 -0.258 -0.362 -0.896  0.362 -0.896  0.258
128     0.762  1.000 111.788  -44.166  -30.542    4.913 -0.632 -0.548  0.548  0.548  0.184  0.816 -0.548  0.816  0.184
129     0.761  1.000 111.727   -2.166   63.458    6.913 -0.896 -0.362  0.258  0.362 -0.258  0.896 -0.258  0.896  0.362
130     0.761  1.000 111.714  -10.166   55.458   23.913 -0.816 -0.184  0.548 -0.548  0.548 -0.632 -0.184 -0.816 -0.548
131     0.761  0.999 111.635   17.834   31.458  -16.087 -0.797  0.000 -0.604  0.604  0.000 -0.797  0.000 -1.000  0.000
132     0.760  0.996 111.346   49.834   30.458    0.913  0.184 -0.548  0.816  0.548 -0.632 -0.548  0.816  0.548  0.184
133     0.760  0.996 111.258   42.834   38.458   17.913  0.258 -0.362  0.896 -0.362 -0.896 -0.258  0.896 -0.258 -0.362
134     0.759  0.994 111.089   13.834  -45.542   27.913 -0.797  0.000  0.604  0.604  0.000  0.797  0.000  1.000  0.000
135     0.759  0.994 111.049   49.834   24.458   10.913 -0.896 -0.362 -0.258  0.362 -0.258 -0.896  0.258 -0.896  0.362
136     0.758  0.993 110.926   -5.166   61.458   14.913 -0.632 -0.548  0.548 -0.548 -0.184 -0.816  0.548 -0.816 -0.184
137     0.758  0.992 110.835   40.834   31.458   17.913 -1.000  0.000  0.000  0.000 -0.000 -1.000 -0.000 -1.000 -0.000
138     0.758  0.991 110.783   50.834   21.458    1.913 -0.632  0.548 -0.548  0.548 -0.184 -0.816 -0.548 -0.816 -0.184
139     0.757  0.989 110.574  -28.166  -35.542   14.913 -0.816 -0.548  0.184 -0.184  0.548  0.816 -0.548  0.632 -0.548
140     0.756  0.988 110.387  -14.166   55.458   32.913 -0.896  0.362 -0.258  0.362  0.258 -0.896 -0.258 -0.896 -0.362
141     0.756  0.987 110.333   50.834  -18.542   26.913  0.604  0.000  0.797  0.000 -1.000  0.000  0.797  0.000 -0.604
142     0.756  0.987 110.310  -45.166   15.458   33.913 -0.604  0.000  0.797  0.000 -1.000  0.000  0.797  0.000  0.604
143     0.756  0.986 110.200   19.834   36.458  -30.087 -0.896 -0.258  0.362 -0.258 -0.362 -0.896  0.362 -0.896  0.258
144     0.755  0.985 110.056   53.834   -8.542   27.913  0.258  0.362 -0.896  0.362 -0.896 -0.258 -0.896 -0.258 -0.362
145     0.755  0.984 109.960   49.834   -6.542    8.913  0.362  0.258 -0.896 -0.258 -0.896 -0.362 -0.896  0.362 -0.258
146     0.754  0.983 109.884  -57.166   23.458   10.913 -0.896  0.258 -0.362  0.258 -0.362 -0.896 -0.362 -0.896  0.258
147     0.754  0.983 109.847  -58.166   23.458   17.913 -0.362  0.258 -0.896  0.258 -0.896 -0.362 -0.896 -0.362  0.258
148     0.754  0.982 109.797  -46.166  -37.542   -2.087 -0.548 -0.548 -0.632  0.184 -0.816  0.548 -0.816  0.184  0.548
149     0.754  0.981 109.643  -14.166   56.458   28.913  0.184 -0.816 -0.548 -0.816  0.184 -0.548  0.548  0.548 -0.632
150     0.753  0.980 109.539  -35.166  -43.542   22.913  0.548  0.184  0.816  0.548 -0.816 -0.184  0.632  0.548 -0.548
151     0.752  0.979 109.367    9.834   52.458   10.913 -0.632 -0.548  0.548 -0.548 -0.184 -0.816  0.548 -0.816 -0.184
152     0.752  0.978 109.279   41.834  -26.542   24.913  0.000  0.604 -0.797 -0.000 -0.797 -0.604 -1.000  0.000  0.000
153     0.752  0.977 109.148   12.834   25.458   32.913  0.000  0.000 -1.000 -0.604 -0.797  0.000 -0.797  0.604  0.000
154     0.752  0.977 109.142  -48.166   10.458   27.913 -0.797  0.000  0.604 -0.604  0.000 -0.797  0.000 -1.000  0.000
155     0.751  0.976 109.047    3.834  -68.542   14.913 -0.797  0.604  0.000  0.000  0.000  1.000  0.604  0.797  0.000
156     0.751  0.975 108.997   52.834   34.458    7.913  0.184  0.548 -0.816 -0.548 -0.632 -0.548 -0.816  0.548  0.184
157     0.750  0.973 108.727  -31.166  -41.542   21.913  0.604  0.000  0.797  0.000 -1.000  0.000  0.797  0.000 -0.604
158     0.749  0.972 108.602  -51.166   19.458   22.913  0.000  0.604 -0.797 -0.000 -0.797 -0.604 -1.000  0.000  0.000
159     0.749  0.972 108.597  -17.166   46.458   -1.087 -0.797  0.604  0.000  0.000  0.000 -1.000 -0.604 -0.797  0.000
160     0.749  0.971 108.460   30.834   34.458   41.913 -0.797  0.604  0.000  0.000  0.000 -1.000 -0.604 -0.797  0.000
161     0.749  0.970 108.417   12.834  -48.542   23.913 -1.000  0.000  0.000  0.000 -0.000 -1.000 -0.000 -1.000 -0.000
162     0.749  0.970 108.363  -54.166   24.458   14.913 -0.632 -0.548  0.548 -0.548 -0.184 -0.816  0.548 -0.816 -0.184
163     0.748  0.970 108.347  -47.166   28.458    1.913  0.604  0.000  0.797  0.000 -1.000  0.000  0.797  0.000 -0.604
164     0.748  0.969 108.342   47.834  -29.542   -0.087 -0.548 -0.184 -0.816  0.548 -0.816 -0.184 -0.632 -0.548  0.548
165     0.748  0.968 108.158   50.834   32.458   12.913 -0.896  0.362 -0.258  0.362  0.258 -0.896 -0.258 -0.896 -0.362
166     0.747  0.967 108.043   46.834   37.458    9.913 -0.816 -0.548 -0.184 -0.184  0.548 -0.816  0.548 -0.632 -0.548
167     0.747  0.966 108.011  -41.166  -44.542   19.913  0.548 -0.184  0.816 -0.548 -0.816  0.184  0.632 -0.548 -0.548
168     0.747  0.965 107.884   55.834  -20.542   12.913 -0.184  0.548 -0.816  0.548 -0.632 -0.548 -0.816 -0.548 -0.184
169     0.747  0.965 107.862   14.834  -26.542  -28.087 -0.632  0.548 -0.548 -0.548  0.184  0.816  0.548  0.816  0.184
170     0.747  0.965 107.858   -6.166   60.458   19.913 -0.632 -0.548  0.548  0.548  0.184  0.816 -0.548  0.816  0.184
171     0.746  0.964 107.712    5.834  -27.542   41.913 -0.896 -0.258  0.362  0.258  0.362  0.896 -0.362  0.896 -0.258
172     0.746  0.963 107.660  -49.166  -38.542   16.913  0.258  0.362  0.896  0.362 -0.896  0.258  0.896  0.258 -0.362
173     0.745  0.962 107.490   48.834   26.458   -4.087 -0.816  0.548 -0.184 -0.184 -0.548 -0.816 -0.548 -0.632  0.548
174     0.745  0.961 107.412   50.834  -19.542    1.913 -0.548  0.548 -0.632 -0.184 -0.816 -0.548 -0.816 -0.184  0.548
175     0.745  0.961 107.389  -52.166   30.458   10.913  0.258  0.362  0.896  0.362 -0.896  0.258  0.896  0.258 -0.362
176     0.744  0.959 107.173   -3.166   39.458   -5.087 -0.896 -0.258 -0.362  0.258  0.362 -0.896  0.362 -0.896 -0.258
177     0.744  0.959 107.151    0.834   51.458    5.913 -0.816 -0.548 -0.184 -0.184  0.548 -0.816  0.548 -0.632 -0.548
178     0.743  0.958 107.062  -11.166   59.458    2.913  0.548 -0.548  0.632 -0.184 -0.816 -0.548  0.816  0.184 -0.548
179     0.743  0.957 107.003  -19.166   30.458  -24.087 -0.548  0.548  0.632 -0.184 -0.816  0.548  0.816  0.184  0.548
180     0.743  0.957 106.977   50.834  -27.542   -2.087 -0.816 -0.548 -0.184  0.184 -0.548  0.816 -0.548  0.632  0.548
181     0.743  0.957 106.902   56.834  -15.542   29.913 -0.797  0.000 -0.604 -0.604  0.000  0.797  0.000  1.000  0.000
182     0.743  0.956 106.854   38.834   34.458   25.913 -0.797 -0.604  0.000  0.000  0.000 -1.000  0.604 -0.797  0.000
183     0.743  0.956 106.847   51.834  -24.542    9.913 -0.797  0.604  0.000  0.000  0.000  1.000  0.604  0.797  0.000
184     0.742  0.956 106.804  -50.166   15.458   25.913 -0.632  0.548 -0.548  0.548 -0.184 -0.816 -0.548 -0.816 -0.184
185     0.742  0.956 106.789  -45.166   29.458   -1.087  0.000  0.604  0.797 -0.000 -0.797  0.604  1.000  0.000  0.000
186     0.740  0.951 106.236   54.834  -16.542   25.913  0.548  0.548  0.632  0.184 -0.816  0.548  0.816 -0.184 -0.548
187     0.740  0.951 106.228  -36.166  -39.542   23.913  0.604  0.000  0.797  0.000 -1.000  0.000  0.797  0.000 -0.604
188     0.740  0.950 106.221   56.834  -22.542   -1.087 -0.548 -0.184 -0.816  0.548 -0.816 -0.184 -0.632 -0.548  0.548
189     0.740  0.950 106.158   58.834  -21.542   16.913 -0.896  0.258 -0.362 -0.258  0.362  0.896  0.362  0.896 -0.258
190     0.740  0.950 106.145  -56.166   29.458    7.913 -0.632 -0.548  0.548 -0.548 -0.184 -0.816  0.548 -0.816 -0.184
191     0.739  0.949 106.029   11.834  -50.542   16.913  0.362 -0.258 -0.896  0.258 -0.896  0.362 -0.896 -0.362 -0.258
192     0.739  0.948 105.956    7.834  -62.542   18.913 -0.797 -0.604  0.000  0.000  0.000 -1.000  0.604 -0.797  0.000
193     0.739  0.948 105.932   35.834  -32.542    9.913 -0.797  0.604  0.000  0.000  0.000  1.000  0.604  0.797  0.000
194     0.738  0.947 105.844   47.834   35.458   15.913 -0.896  0.362 -0.258  0.362  0.258 -0.896 -0.258 -0.896 -0.362
195     0.738  0.946 105.766   48.834   36.458   14.913  0.362  0.258 -0.896 -0.258 -0.896 -0.362 -0.896  0.362 -0.258
196     0.738  0.946 105.681   -3.166   58.458    2.913 -0.896  0.258  0.362 -0.258  0.362 -0.896 -0.362 -0.896 -0.258
197     0.738  0.945 105.620  -48.166   14.458   29.913  0.362  0.258  0.896 -0.258 -0.896  0.362  0.896 -0.362 -0.258
198     0.737  0.945 105.588   43.834   40.458   28.913  0.000  0.797 -0.604 -1.000  0.000  0.000 -0.000  0.604  0.797
199     0.737  0.944 105.520   -8.166   61.458   16.913 -0.632 -0.548  0.548  0.548  0.184  0.816 -0.548  0.816  0.184
200     0.737  0.944 105.488   47.834  -19.542   22.913 -0.362  0.258 -0.896  0.258 -0.896 -0.362 -0.896 -0.362  0.258
201     0.737  0.943 105.404  -49.166  -26.542   -3.087 -0.896  0.258  0.362  0.258 -0.362  0.896  0.362  0.896  0.258
202     0.737  0.943 105.391  -30.166  -35.542    5.913 -0.896 -0.362  0.258  0.362 -0.258  0.896 -0.258  0.896  0.362
203     0.737  0.943 105.382   13.834  -59.542   18.913 -1.000  0.000  0.000  0.000 -0.000 -1.000 -0.000 -1.000 -0.000
204     0.736  0.941 105.182  -46.166   19.458   38.913  0.604  0.000  0.797  0.000 -1.000  0.000  0.797  0.000 -0.604
205     0.735  0.940 105.094  -10.166   59.458   -0.087 -0.797  0.604  0.000  0.000  0.000 -1.000 -0.604 -0.797  0.000
206     0.735  0.940 105.082   40.834  -31.542   12.913 -0.258 -0.362 -0.896  0.362 -0.896  0.258 -0.896 -0.258  0.362
207     0.735  0.939 104.991   40.834   34.458   26.913 -1.000  0.000  0.000  0.000 -0.000 -1.000 -0.000 -1.000 -0.000
208     0.735  0.939 104.986   15.834  -55.542    9.913 -0.184  0.548  0.816  0.548 -0.632  0.548  0.816  0.548 -0.184
209     0.735  0.939 104.949   37.834   33.458   20.913 -0.797 -0.604  0.000  0.000  0.000 -1.000  0.604 -0.797  0.000
210     0.735  0.939 104.909  -15.166   47.458   27.913  0.362  0.258 -0.896 -0.258 -0.896 -0.362 -0.896  0.362 -0.258
211     0.735  0.939 104.892    1.834   51.458   16.913 -0.632 -0.548  0.548 -0.548 -0.184 -0.816  0.548 -0.816 -0.184
212     0.734  0.938 104.874   19.834   22.458  -23.087 -0.896  0.258 -0.362  0.258 -0.362 -0.896 -0.362 -0.896  0.258
213     0.734  0.938 104.831   -7.166   59.458    9.913  0.184  0.548 -0.816 -0.548 -0.632 -0.548 -0.816  0.548  0.184
214     0.734  0.938 104.784   41.834   36.458   13.913 -0.258 -0.362 -0.896  0.362 -0.896  0.258 -0.896 -0.258  0.362
215     0.734  0.937 104.748   55.834  -19.542   22.913 -0.896  0.258 -0.362 -0.258  0.362  0.896  0.362  0.896 -0.258
216     0.734  0.937 104.738   37.834   34.458   24.913  0.258 -0.362  0.896 -0.362 -0.896 -0.258  0.896 -0.258 -0.362
217     0.734  0.936 104.644   44.834   26.458   23.913  0.548  0.184  0.816  0.548 -0.816 -0.184  0.632  0.548 -0.548
218     0.733  0.936 104.617  -52.166  -21.542  -10.087 -0.258 -0.362 -0.896  0.362 -0.896  0.258 -0.896 -0.258  0.362
219     0.733  0.936 104.595  -49.166  -36.542    3.913 -0.896 -0.362  0.258  0.362 -0.258  0.896 -0.258  0.896  0.362
220     0.733  0.936 104.580  -15.166  -17.542   -8.087 -0.896  0.362  0.258  0.362  0.258  0.896  0.258  0.896 -0.362
221     0.733  0.936 104.556   25.834    5.458  -16.087 -0.816 -0.548  0.184  0.184 -0.548 -0.816  0.548 -0.632  0.548
222     0.733  0.935 104.475  -43.166   18.458   28.913 -0.548 -0.184  0.816  0.548 -0.816  0.184  0.632  0.548  0.548
223     0.733  0.935 104.465   17.834  -45.542   13.913  0.362 -0.258 -0.896  0.258 -0.896  0.362 -0.896 -0.362 -0.258
224     0.733  0.934 104.414   13.834  -56.542   25.913 -0.816 -0.548  0.184 -0.184  0.548  0.816 -0.548  0.632 -0.548
225     0.733  0.934 104.399  -23.166  -17.542  -17.087 -0.797  0.000  0.604  0.604  0.000  0.797  0.000  1.000  0.000
226     0.732  0.933 104.304   53.834  -23.542   21.913 -0.896  0.258 -0.362 -0.258  0.362  0.896  0.362  0.896 -0.258
227     0.732  0.932 104.184   16.834   31.458  -24.087 -0.797 -0.604  0.000  0.000  0.000 -1.000  0.604 -0.797  0.000
228     0.731  0.932 104.131   49.834   36.458   12.913 -0.258  0.362 -0.896 -0.362 -0.896 -0.258 -0.896  0.258  0.362
229     0.731  0.931 104.049   -6.166   58.458   16.913 -0.896 -0.258 -0.362  0.258  0.362 -0.896  0.362 -0.896 -0.258
230     0.731  0.931 104.044   38.834  -30.542   -3.087 -0.797  0.604  0.000  0.000  0.000  1.000  0.604  0.797  0.000
231     0.731  0.930 103.950   56.834  -20.542    2.913 -0.604  0.000 -0.797  0.000 -1.000 -0.000 -0.797  0.000  0.604
232     0.730  0.929 103.872   36.834   43.458   11.913 -1.000  0.000  0.000  0.000 -0.000 -1.000 -0.000 -1.000 -0.000
233     0.730  0.928 103.721   45.834  -19.542   26.913  0.604  0.000  0.797  0.000 -1.000  0.000  0.797  0.000 -0.604
234     0.729  0.928 103.658  -12.166   55.458   28.913 -0.816 -0.548 -0.184 -0.184  0.548 -0.816  0.548 -0.632 -0.548
235     0.729  0.928 103.655   46.834  -32.542    6.913 -0.258  0.362 -0.896 -0.362 -0.896 -0.258 -0.896  0.258  0.362
236     0.729  0.927 103.645   49.834   30.458    7.913 -0.548 -0.184 -0.816  0.548 -0.816 -0.184 -0.632 -0.548  0.548
237     0.729  0.927 103.617   13.834  -43.542   39.913 -0.896 -0.362 -0.258 -0.362  0.258  0.896 -0.258  0.896 -0.362
238     0.729  0.927 103.564   44.834   34.458   -3.087 -0.896 -0.258  0.362 -0.258 -0.362 -0.896  0.362 -0.896  0.258
239     0.729  0.926 103.475  -50.166  -30.542   -5.087 -0.797  0.000  0.604  0.604  0.000  0.797  0.000  1.000  0.000
240     0.729  0.926 103.475  -48.166    9.458   28.913 -0.632  0.548 -0.548  0.548 -0.184 -0.816 -0.548 -0.816 -0.184
241     0.729  0.926 103.458   28.834    1.458  -24.087 -0.816 -0.184 -0.548  0.548 -0.548 -0.632 -0.184 -0.816  0.548
242     0.728  0.925 103.376  -58.166   13.458    8.913 -0.632 -0.548  0.548 -0.548 -0.184 -0.816  0.548 -0.816 -0.184
243     0.728  0.925 103.364   46.834  -29.542   -3.087 -0.604  0.000 -0.797  0.000 -1.000 -0.000 -0.797  0.000  0.604
244     0.728  0.925 103.321   49.834   20.458   -3.087 -0.896  0.362  0.258 -0.362 -0.258 -0.896 -0.258 -0.896  0.362
245     0.728  0.924 103.288    0.834   52.458   33.913 -0.816 -0.548 -0.184 -0.184  0.548 -0.816  0.548 -0.632 -0.548
246     0.728  0.924 103.277   38.834   42.458   16.913 -1.000  0.000  0.000  0.000 -0.000 -1.000 -0.000 -1.000 -0.000
247     0.728  0.924 103.209   54.834  -23.542    4.913 -0.632 -0.548 -0.548  0.548  0.184 -0.816  0.548 -0.816  0.184
248     0.727  0.923 103.189   -8.166   64.458   12.913  0.000 -1.000 -0.000 -0.797  0.000 -0.604  0.604  0.000 -0.797
249     0.727  0.923 103.154  -52.166  -38.542   12.913  0.000 -0.604 -0.797  0.000 -0.797  0.604 -1.000  0.000  0.000
250     0.727  0.923 103.147    5.834  -58.542    4.913 -1.000  0.000  0.000  0.000  0.604  0.797  0.000  0.797 -0.604
251     0.727  0.922 103.078   46.834  -24.542   10.913 -0.604  0.000 -0.797  0.000 -1.000 -0.000 -0.797  0.000  0.604
252     0.727  0.922 103.072   43.834   36.458   23.913  0.000 -0.000 -1.000  0.604 -0.797  0.000 -0.797 -0.604  0.000
253     0.726  0.921 102.956  -55.166   25.458   18.913 -0.797  0.000 -0.604  0.604  0.000 -0.797  0.000 -1.000  0.000
254     0.726  0.920 102.857   39.834   31.458   29.913 -0.797  0.604  0.000  0.000  0.000 -1.000 -0.604 -0.797  0.000
255     0.726  0.920 102.852   -7.166   60.458    3.913 -0.816  0.184  0.548 -0.548 -0.548 -0.632  0.184 -0.816  0.548
256     0.726  0.920 102.787   55.834  -27.542    8.913  0.362  0.258  0.896 -0.258 -0.896  0.362  0.896 -0.362 -0.258
257     0.726  0.920 102.782  -18.166   58.458   22.913 -0.797  0.000  0.604  0.604  0.000  0.797  0.000  1.000  0.000
258     0.726  0.920 102.771   -6.166   55.458   10.913 -0.816 -0.184  0.548 -0.548  0.548 -0.632 -0.184 -0.816 -0.548
259     0.726  0.919 102.745   46.834   30.458    7.913 -0.896  0.362  0.258 -0.362 -0.258 -0.896 -0.258 -0.896  0.362
260     0.725  0.919 102.664   19.834   22.458  -21.087 -0.896  0.258 -0.362  0.258 -0.362 -0.896 -0.362 -0.896  0.258
261     0.725  0.919 102.660  -14.166  -25.542  -28.087 -0.896  0.258  0.362  0.258 -0.362  0.896  0.362  0.896  0.258
262     0.725  0.918 102.613   32.834   36.458   -5.087  0.000  0.000 -1.000 -0.604 -0.797  0.000 -0.797  0.604  0.000
263     0.725  0.918 102.604   52.834   20.458    6.913 -0.632  0.548 -0.548  0.548 -0.184 -0.816 -0.548 -0.816 -0.184
264     0.725  0.918 102.537   47.834   18.458   -9.087 -0.896 -0.362 -0.258  0.362 -0.258 -0.896  0.258 -0.896  0.362
265     0.724  0.917 102.452   58.834  -24.542   17.913 -0.896 -0.258 -0.362 -0.258 -0.362  0.896 -0.362  0.896  0.258
266     0.724  0.916 102.413   15.834  -49.542   26.913  0.548  0.548  0.632  0.184 -0.816  0.548  0.816 -0.184 -0.548
267     0.724  0.916 102.324   46.834   27.458   -1.087 -0.816  0.548 -0.184 -0.184 -0.548 -0.816 -0.548 -0.632  0.548
268     0.724  0.916 102.320   54.834  -18.542   17.913  0.362  0.258  0.896 -0.258 -0.896  0.362  0.896 -0.362 -0.258
269     0.724  0.915 102.310   14.834  -50.542    4.913 -0.258 -0.362 -0.896  0.362 -0.896  0.258 -0.896 -0.258  0.362
270     0.723  0.915 102.245    9.834  -58.542   -0.087 -0.816 -0.548 -0.184  0.184 -0.548  0.816 -0.548  0.632  0.548
271     0.723  0.915 102.211  -45.166   30.458   17.913 -0.632 -0.548  0.548 -0.548 -0.184 -0.816  0.548 -0.816 -0.184
272     0.723  0.915 102.209  -53.166   12.458    4.913 -0.632 -0.548  0.548 -0.548 -0.184 -0.816  0.548 -0.816 -0.184
273     0.723  0.913 102.057  -56.166   10.458   15.913  0.184  0.548 -0.816 -0.548 -0.632 -0.548 -0.816  0.548  0.184
274     0.723  0.913 102.049  -20.166  -14.542  -19.087 -0.632 -0.548  0.548  0.548  0.184  0.816 -0.548  0.816  0.184
275     0.723  0.913 102.045   -7.166   57.458    2.913 -0.896 -0.362  0.258 -0.362  0.258 -0.896  0.258 -0.896 -0.362
276     0.722  0.913 102.008   47.834   40.458   17.913 -0.816  0.184 -0.548  0.548  0.548 -0.632  0.184 -0.816 -0.548
277     0.722  0.913 102.008   25.834  -14.542   35.913 -0.632  0.548 -0.548  0.548 -0.184 -0.816 -0.548 -0.816 -0.184
278     0.722  0.913 102.002  -12.166   48.458   27.913 -0.184 -0.548  0.816 -0.548 -0.632 -0.548  0.816 -0.548 -0.184
279     0.722  0.912 101.973  -45.166  -37.542    4.913 -0.258 -0.362 -0.896  0.362 -0.896  0.258 -0.896 -0.258  0.362
280     0.722  0.912 101.968  -13.166   56.458   25.913 -0.797  0.000  0.604  0.604  0.000  0.797  0.000  1.000  0.000
281     0.722  0.912 101.966  -52.166  -30.542    6.913  0.258 -0.362  0.896 -0.362 -0.896 -0.258  0.896 -0.258 -0.362
282     0.722  0.912 101.961    1.834  -56.542   -4.087 -0.548 -0.548 -0.632  0.184 -0.816  0.548 -0.816  0.184  0.548
283     0.722  0.912 101.948   46.834   32.458   10.913 -0.797  0.604  0.000  0.000  0.000 -1.000 -0.604 -0.797  0.000
284     0.722  0.912 101.943   51.834  -14.542    2.913 -0.816 -0.548 -0.184  0.184 -0.548  0.816 -0.548  0.632  0.548
285     0.722  0.911 101.863   45.834   38.458   21.913  0.258 -0.362  0.896 -0.362 -0.896 -0.258  0.896 -0.258 -0.362
286     0.722  0.911 101.835   42.834   35.458   22.913  0.000 -0.000 -1.000  0.604 -0.797  0.000 -0.797 -0.604  0.000
287     0.722  0.911 101.833  -45.166  -27.542   -4.087 -0.258 -0.362 -0.896  0.362 -0.896  0.258 -0.896 -0.258  0.362
288     0.722  0.911 101.829  -37.166   32.458   -3.087 -0.896  0.362  0.258 -0.362 -0.258 -0.896 -0.258 -0.896  0.362
289     0.722  0.911 101.803  -43.166  -18.542   18.913  0.362 -0.258  0.896  0.258 -0.896 -0.362  0.896  0.362 -0.258
290     0.722  0.911 101.797   54.834  -11.542   24.913 -1.000  0.000  0.000  0.000  0.604  0.797  0.000  0.797 -0.604
291     0.721  0.911 101.768   57.834   38.458   13.913 -0.000  0.000 -1.000  0.000 -1.000 -0.000 -1.000  0.000 -0.000
292     0.721  0.910 101.752   50.834  -25.542    7.913 -0.362  0.258 -0.896  0.258 -0.896 -0.362 -0.896 -0.362  0.258
293     0.721  0.910 101.735  -56.166   23.458   12.913 -0.632 -0.548  0.548 -0.548 -0.184 -0.816  0.548 -0.816 -0.184
294     0.721  0.910 101.683    0.834  -62.542    8.913 -0.548 -0.548 -0.632  0.184 -0.816  0.548 -0.816  0.184  0.548
295     0.721  0.909 101.554  -55.166   22.458    6.913 -0.362  0.258 -0.896  0.258 -0.896 -0.362 -0.896 -0.362  0.258
296     0.720  0.909 101.546  -53.166   21.458   21.913  0.000  0.604 -0.797 -0.000 -0.797 -0.604 -1.000  0.000  0.000
297     0.720  0.908 101.525   -2.166   59.458    6.913 -0.896 -0.362  0.258 -0.362  0.258 -0.896  0.258 -0.896 -0.362
298     0.720  0.908 101.508   41.834   29.458   24.913 -0.896 -0.362  0.258 -0.362  0.258 -0.896  0.258 -0.896 -0.362
299     0.720  0.908 101.485  -18.166  -22.542  -22.087 -0.797  0.000  0.604  0.604  0.000  0.797  0.000  1.000  0.000
300     0.720  0.908 101.431  -58.166   21.458   17.913  0.000  0.000 -1.000 -0.604 -0.797  0.000 -0.797  0.604  0.000
301     0.720  0.907 101.372   52.834  -15.542   21.913  0.362  0.258  0.896 -0.258 -0.896  0.362  0.896 -0.362 -0.258
302     0.719  0.907 101.311   -4.166   62.458    8.913 -0.184 -0.816  0.548 -0.816 -0.184 -0.548  0.548 -0.548 -0.632
303     0.719  0.906 101.275   53.834  -15.542   27.913 -0.548 -0.632 -0.548 -0.816  0.548  0.184  0.184  0.548 -0.816
304     0.719  0.906 101.259  -12.166   56.458   24.913 -0.632 -0.548  0.548  0.548  0.184  0.816 -0.548  0.816  0.184
305     0.719  0.906 101.227   53.834  -27.542    2.913 -0.816  0.184 -0.548 -0.548 -0.548  0.632 -0.184  0.816  0.548
306     0.719  0.906 101.216   -7.166   55.458   20.913 -0.896 -0.258 -0.362  0.258  0.362 -0.896  0.362 -0.896 -0.258
307     0.719  0.905 101.184  -15.166   52.458   23.913 -0.896  0.258 -0.362  0.258 -0.362 -0.896 -0.362 -0.896  0.258
308     0.719  0.905 101.126  -51.166   14.458   16.913 -0.632 -0.548  0.548 -0.548 -0.184 -0.816  0.548 -0.816 -0.184
309     0.719  0.905 101.097  -44.166  -38.542    7.913  0.184  0.548  0.816 -0.548 -0.632  0.548  0.816 -0.548  0.184
310     0.718  0.904 100.998  -55.166   21.458   -1.087 -0.632 -0.548  0.548 -0.548 -0.184 -0.816  0.548 -0.816 -0.184
311     0.718  0.903 100.953  -48.166   27.458   -1.087  0.548  0.184  0.816  0.548 -0.816 -0.184  0.632  0.548 -0.548
312     0.718  0.903 100.938   -9.166   60.458   15.913 -0.632 -0.548  0.548 -0.548 -0.184 -0.816  0.548 -0.816 -0.184
313     0.718  0.903 100.929   52.834  -17.542   24.913 -1.000  0.000  0.000  0.000  0.604  0.797  0.000  0.797 -0.604
314     0.718  0.903 100.927   37.834  -29.542    4.913 -0.604  0.000 -0.797  0.000 -1.000 -0.000 -0.797  0.000  0.604
315     0.717  0.902 100.839   54.834  -19.542   13.913 -0.184  0.548 -0.816  0.548 -0.632 -0.548 -0.816 -0.548 -0.184
316     0.717  0.902 100.822    5.834  -60.542   12.913 -0.896 -0.258 -0.362 -0.258 -0.362  0.896 -0.362  0.896  0.258
317     0.717  0.902 100.813    8.834  -58.542   -2.087 -0.896 -0.362 -0.258 -0.362  0.258  0.896 -0.258  0.896 -0.362
318     0.717  0.902 100.792   -7.166  -34.542   -4.087 -0.797 -0.604  0.000  0.000  0.000  1.000 -0.604  0.797  0.000
319     0.717  0.902 100.774  -45.166  -30.542    7.913 -0.797  0.000  0.604  0.604  0.000  0.797  0.000  1.000  0.000
320     0.717  0.902 100.749   47.834   38.458   -1.087 -0.816 -0.548 -0.184 -0.184  0.548 -0.816  0.548 -0.632 -0.548
321     0.717  0.901 100.716  -50.166   27.458   -4.087  0.548  0.184  0.816  0.548 -0.816 -0.184  0.632  0.548 -0.548
322     0.717  0.901 100.715    1.834  -58.542    3.913  0.184 -0.548 -0.816  0.548 -0.632  0.548 -0.816 -0.548  0.184
323     0.717  0.901 100.700  -50.166  -35.542    5.913  0.362 -0.258  0.896  0.258 -0.896 -0.362  0.896  0.362 -0.258
324     0.717  0.901 100.689  -49.166  -32.542    5.913 -0.632 -0.548  0.548  0.548  0.184  0.816 -0.548  0.816  0.184
325     0.717  0.900 100.630   -6.166   59.458    2.913 -0.816  0.184  0.548 -0.548 -0.548 -0.632  0.184 -0.816  0.548
326     0.716  0.900 100.613  -11.166   41.458    3.913 -0.816 -0.548 -0.184 -0.184  0.548 -0.816  0.548 -0.632 -0.548
327     0.716  0.899 100.460  -22.166  -18.542  -18.087 -0.797  0.000  0.604  0.604  0.000  0.797  0.000  1.000  0.000
328     0.716  0.899 100.448   -4.166   39.458   -4.087 -0.896 -0.258 -0.362  0.258  0.362 -0.896  0.362 -0.896 -0.258
329     0.716  0.899 100.438  -31.166    8.458  -11.087 -0.816  0.184  0.548 -0.548 -0.548 -0.632  0.184 -0.816  0.548
330     0.716  0.898 100.404   43.834   27.458   24.913  0.000  0.797 -0.604 -1.000  0.000  0.000 -0.000  0.604  0.797
331     0.716  0.898 100.402   36.834   35.458   12.913 -1.000  0.000  0.000  0.000  0.604 -0.797 -0.000 -0.797 -0.604
332     0.715  0.898 100.359   43.834   35.458    8.913 -1.000  0.000  0.000  0.000  0.604 -0.797 -0.000 -0.797 -0.604
333     0.715  0.898 100.355   33.834   30.458   27.913 -0.896 -0.362  0.258 -0.362  0.258 -0.896  0.258 -0.896 -0.362
334     0.715  0.898 100.305   14.834  -48.542   10.913 -0.548 -0.548 -0.632  0.184 -0.816  0.548 -0.816  0.184  0.548
335     0.714  0.896 100.139   11.834  -61.542   12.913 -0.797 -0.604  0.000  0.000  0.000 -1.000  0.604 -0.797  0.000
